"G00382","G001B","G0019B","G002","G00368C","G00847A","G00440C","G00340","G00643B","G00754C","G00160B","G00972B","G00648B","G00792B","G00680","G004A","G00631B","G00312C","G00288A","G0048B","G0073B","G0051A","G00391","G00435A","G00599B","G00527A","G00237A","G00639C","G00388","G00625","G00196B","G00822","G00383C","G00604B","G00525C","G00578A","G00521A","G00751A","G00245B","G00662A","G0027A","G0067","G00685","G00376","G00683A","G0016C","G001000A","G00621","G00426","G00516C","G00650B","G00654","G00869A","G00518B","G0026","G00102C","G00831A","G00814A","G00394B","G00141B","G00672","G00451","G00529B","G00767A","G00362","G00581","G00249C","G00982B","G00556A","G00428","G00210","G00481A","G00663","G00771B","G00731C","G00131","G00779","G00941C","G0020C","G00161C","G00479A","G00437C","G0047","G00287B","G00446","G00665C","G00592A","G00594B","G0083A","G00905","G00686B","G00223B","G00830C","G00699C","G00468A","G00202C","G00144A","G00864","G00398","G00171A"
0,0.415809397470683,0.0610184997916448,0.431481557289358,0.28834435146764,0.100407419576077,0.269549650845822,0.27747304819425,0.312228536755973,0.425685283608618,0.222696217655711,0.314511950395273,0.272628694144388,0.27393557965039,0.389262694159363,0.0194244763470558,0.0602279064858895,0.397768865340571,0.288122280062986,0.13541015824782,0.422213742127524,0.218937369395738,0.458686659979928,0.260767073159497,0.315054637601859,0.216866852142673,0.155877529857951,0.334018308671033,0.168486328876472,0.339072348166009,0.402233454184486,0.402262068791708,0.136501909667321,0.150637951128207,0.298492203831423,0.307847172654127,0.199012739559459,0.439510807244323,0.378467554248777,0.271988278972697,0.134430855110291,0.408011584874457,0.250020746924362,0.279982930602808,0.291272901958393,0.402933357499371,0.182015386372003,0.0615096709248249,0.499936645579362,0.409878466555295,0.313529549400652,0.390563934645647,0.415335353748845,0.405563006859824,0.225912481662541,0.256363297515112,0.209514073987065,0.198545045147941,0.341542027547639,0.245006180022431,0.350154091504583,0.0421401815773648,0.533389790315157,0.256822167554908,0.121162646083354,0.291017167805763,0.334850051475002,0.257555564905129,0.356704982369937,0.585129432592378,0.295696231440866,0.362409036434502,0.384181883587942,0.465113506029906,0.153671999899928,0.373971402037771,0.304597723480564,0.391569604966972,0.252581699433983,0.362394564917135,0.338016175781871,0.130637625179673,0.0272276015838606,0.262128311968966,0.380362310557678,0.0229093575754606,0.356270216511037,0.133652980634997,0.347884791083135,0.230175922719597,0.20910282765028,0.0941549887647385,0.147125042400922,0.330926722555363,0.490273258057949,0.319978269197902,0.337322371771538,0.229049448379723,0.0638633847045351,0.326670495225322
0.415809397470683,0,0.386943351754403,0.684056577066112,0.425157252412146,0.366159791966518,0.342847902631161,0.14280014310233,0.105867615498142,0.840081717272462,0.405631868909614,0.375417210605129,0.435606279692487,0.66612020511348,0.748046659491844,0.425822317412162,0.474589075173296,0.692225870833985,0.31080481233719,0.548850731496322,0.633972394718248,0.408664819683808,0.874103260841593,0.382306012516045,0.586310184394532,0.462201455041996,0.503744598711697,0.746587420908255,0.35517065374152,0.733923702978543,0.752470183135767,0.560650634225438,0.279889774673126,0.56293099247096,0.360963496168391,0.636943883694415,0.613740277427072,0.758704227529996,0.645363929611019,0.148965564525664,0.327381407112383,0.80948345899328,0.627848635157618,0.494513806874792,0.399450729446714,0.813736073658757,0.545984858619972,0.40861765601755,0.653660828380835,0.727169745292542,0.475509110009928,0.546770851187048,0.729373628676999,0.668669002538065,0.510382237374725,0.643182254543362,0.227494083176565,0.608522903671024,0.114612102468193,0.479656708310775,0.0808807653446406,0.400111317397251,0.949138557457574,0.340263332473163,0.4617737771186,0.242988381101736,0.442431507423957,0.493997963560616,0.668766447106004,1,0.430847741667345,0.0873513859655028,0.64817058481611,0.861339757388135,0.520228505334758,0.751769372604025,0.615738571080932,0.803983932289767,0.210284089766161,0.692839213944062,0.745051420551107,0.542475464399905,0.390282776607608,0.662126555229596,0.687752865883674,0.392913037898546,0.758396443374801,0.304469581905964,0.123932388041916,0.274243534503935,0.566717995138192,0.46373329054884,0.26973538885221,0.0951234876476023,0.905839949350625,0.715176695198701,0.670842237566584,0.526460249398769,0.372367982171311,0.726202920887213
0.0610184997916448,0.386943351754403,0,0.394739102463921,0.229520466354135,0.0397375336735076,0.208626440950853,0.244691458005598,0.288119939197256,0.466236063567975,0.265890262623113,0.253538723818466,0.215146502104606,0.329372682293019,0.381907554804774,0.0804329142074167,0.112207561502136,0.458550964233779,0.310833977976872,0.183336522143852,0.478716671951656,0.160705531663473,0.490800380089617,0.200199490037094,0.277829927734536,0.166840491040703,0.133813682007355,0.378086970864179,0.202443724767853,0.392737118845391,0.462132432563555,0.349859649516632,0.111727021801815,0.19935844350416,0.329789187406707,0.368862698573018,0.242287890637825,0.419438081640636,0.438050456489107,0.238709700033051,0.156484279056899,0.458454369804135,0.308686887273016,0.229406161132393,0.231022555623797,0.447949706334979,0.242826640658441,0.114021152658276,0.44974654541968,0.470880163166768,0.361211743043756,0.33752157297361,0.476349993910419,0.465216194258132,0.186202072868885,0.313373633142357,0.166829593657486,0.222391436983392,0.301235739921584,0.298129653684221,0.329139553922218,0.0199847862218539,0.566976682075611,0.195926921419291,0.180345468022906,0.300320540879268,0.27582790057628,0.209248820040024,0.332188758064759,0.615211857086115,0.338383147397392,0.324563854836463,0.443669779710148,0.477199074380826,0.214611546947895,0.431068106263446,0.365390706133245,0.435142116626774,0.251031916281608,0.343897522078564,0.386514109750453,0.180774558391253,0.0430909909468772,0.315289457270474,0.44132767990495,0.0533355290291465,0.372091921080783,0.0862995957239256,0.305549108718747,0.174049400774561,0.195671613232466,0.0797366593458483,0.120141564631338,0.309727492854701,0.522889231003631,0.373807072744095,0.398238635391783,0.193405803789905,0.015659972292741,0.378911389580454
0.431481557289358,0.684056577066112,0.394739102463921,0,0.26058040826269,0.380438263473249,0.342313430441437,0.558258052501476,0.617123339126326,0.545136976239321,0.65417036898933,0.319969444243653,0.248468364370972,0.561035896939505,0.209018233508552,0.444823024739929,0.431278517296043,0.768294087355294,0.704492969514876,0.440110437485475,0.831863944351153,0.281193835870122,0.50406050139769,0.301858085662777,0.117001940187679,0.238686321854496,0.2780940421264,0.512756730509148,0.595951126297274,0.591341599786593,0.716805694400307,0.155709172425201,0.481609335029506,0.449024145386795,0.724423004650493,0.67133400348118,0.441358168795696,0.131417170125729,0.769925916398861,0.552375879830477,0.551185101928067,0.612929384758783,0.575696993993092,0.191202866432031,0.288038553819847,0.564224047849102,0.555983863231941,0.492621777068811,0.153769103561614,0.75911237091059,0.743371053348344,0.164206082370602,0.766386969052585,0.794641780996812,0.208540060931136,0.563116034206958,0.476234100569267,0.358328711988615,0.570286320462561,0.669738847542119,0.659793005574332,0.401291691950057,0.566642713744102,0.343927745181236,0.537704993634241,0.685716734047577,0.256115748764297,0.198158445799708,0.111341972672076,0.577684162292748,0.727177772115987,0.598359781701881,0.776249643502507,0.366635634799154,0.53795123414818,0.652863218953809,0.683504783911657,0.545421007673068,0.627483855368102,0.141845732391909,0.547814154848733,0.447671887417873,0.431373192310204,0.534442238361076,0.744530519953215,0.439673105384674,0.343862531679679,0.427979357734985,0.563608657150359,0.412123434493557,0.244110205524429,0.338354436282686,0.484292620593401,0.64279775251349,0.52878056581388,0.579132075509345,0.688507998589011,0.202694957833643,0.407376038610666,0.570154132008289
0.28834435146764,0.425157252412146,0.229520466354135,0.26058040826269,0,0.194979651595142,0.0823127050969544,0.307161266920067,0.366856935642513,0.606515630084353,0.485724944933008,0.0668685856284895,0.0236536474694497,0.526779704294915,0.373338719866069,0.307397384713381,0.324118525794773,0.684363374350657,0.499308419571384,0.375878091816026,0.707958143582653,0.0695751169539516,0.601137220854633,0.0456515247582426,0.179037152263273,0.100664284001853,0.207267729426701,0.536796430740364,0.415977514167732,0.581029505754243,0.674015687181535,0.143796623107632,0.267349947378815,0.390954110927959,0.531134021792372,0.591541436998934,0.415056579241599,0.353231467948658,0.666809703868926,0.3017408494039,0.362904263616376,0.63240890062643,0.518265874461929,0.08263963900814,0.0285316053537451,0.604233671654343,0.464132745378643,0.343332668474245,0.2456205994428,0.692313957439258,0.583702254735007,0.129550842114689,0.69831228435449,0.69389509930172,0.1442468448897,0.516806095416009,0.233094946641616,0.354051848270954,0.31078995811489,0.526008178486051,0.408079528933044,0.246501602788513,0.676415834844885,0.0859235042940294,0.409343707819491,0.464459966681768,0.046556803140161,0.0976632716810358,0.269832984880634,0.709169929029027,0.555487952483705,0.338695117960743,0.672525832770268,0.521223148515809,0.437533560494485,0.630535316756862,0.591384100802595,0.587626668641888,0.400519724489853,0.30261826847181,0.558281532144072,0.378020399568304,0.272430087016817,0.506380820036385,0.665612418015769,0.282723418838121,0.444947444120916,0.212612473092026,0.303465385287692,0.159959664744667,0.24112071307121,0.229327859884866,0.265586251076712,0.392529837424094,0.632228453227264,0.563598561227965,0.618582032117389,0.161855720642647,0.233808864746133,0.563170517667854
0.100407419576077,0.366159791966518,0.0397375336735076,0.380438263473249,0.194979651595142,0,0.16916799491607,0.223408124962438,0.272025926889334,0.499034440149938,0.293096900697591,0.214865268477465,0.182631815815023,0.368252396842677,0.388999124259496,0.119743805150046,0.151263915642652,0.497129731893531,0.324951622888749,0.220657055383392,0.513347205905938,0.127905710926958,0.519469819514618,0.162795978534774,0.264839026300722,0.14472373894497,0.13982259710916,0.412751846984316,0.225808668277474,0.430991896705074,0.501868626925839,0.321963506604313,0.104995047051358,0.23675718725335,0.348906067749818,0.408134592059888,0.277495906255835,0.417467560118715,0.475288877347768,0.217212886465296,0.175464914445301,0.495455152010148,0.348312675650928,0.204854998650376,0.19415336181066,0.482772766149055,0.282397184480685,0.149402225977787,0.423412022267875,0.510214902685078,0.390216160457163,0.309059449924126,0.515620193012907,0.502497403998742,0.173839293740267,0.352673023815492,0.140369923507249,0.24990110565959,0.273584827574411,0.331029874240882,0.314424439105555,0.0596486000813766,0.596093902764588,0.156425835835051,0.217857552084743,0.306231738795466,0.240737006200022,0.187575984979709,0.328191180702289,0.642380605313608,0.364427285131787,0.29834511507912,0.480813974170662,0.495180053511254,0.254077939877319,0.470315083143081,0.40402340001998,0.469386110292077,0.251236555551884,0.344041270358614,0.422923671808438,0.218725993936254,0.0794623899982559,0.353518676752068,0.480271154640584,0.0896409311526684,0.393112520165568,0.0619199757553054,0.276440257591057,0.136546198896269,0.203457867464646,0.0989084145108176,0.110465295949086,0.295222485440376,0.551675871225674,0.412142076756456,0.437729108928886,0.184376576467103,0.0392827905141075,0.416708536791413
0.269549650845822,0.342847902631161,0.208626440950853,0.342313430441437,0.0823127050969544,0.16916799491607,0,0.227819183941914,0.287381462093436,0.637044305672516,0.44090995332159,0.0511461909981774,0.0948497638580802,0.531187535181058,0.439133730172023,0.288906964285886,0.317053094681438,0.665659816822495,0.438107008746994,0.380174142117651,0.674240832241842,0.090026455985489,0.641739775197519,0.0421570205394244,0.253579784736043,0.146425099936462,0.236270231325591,0.559248658157568,0.369005252878077,0.590824593376414,0.669804057181378,0.221889810361784,0.211695691585578,0.396113823291968,0.474313922961954,0.577291095070596,0.429159703536075,0.42900506567565,0.641712809562264,0.222689902732674,0.314793015120851,0.649605919952192,0.515151907909984,0.157149296734173,0.0575495248046138,0.628630797384697,0.451449659072503,0.315548749768178,0.320938301169429,0.679381241789114,0.539378197941073,0.207666485048316,0.684772386084234,0.668938810032354,0.197886487322633,0.517626880907755,0.160414270968876,0.380810562358599,0.228485984947101,0.489944371889681,0.32777912207459,0.22820238151907,0.718296427042371,0.0128365964108078,0.385601764597797,0.396853691535104,0.106611194382962,0.163756977890887,0.342453755311063,0.756136475663567,0.507065034991176,0.256415460374923,0.64705296796907,0.578807076431088,0.423215766712188,0.634539704739786,0.572678093660865,0.613299946919928,0.331606603749044,0.372558957670931,0.575607624038496,0.380117916533151,0.247881797842781,0.513917521930762,0.649213328588619,0.257807628767827,0.493243867841187,0.162394672220489,0.221337416465779,0.0838529049491502,0.284845636411611,0.236914065230508,0.207277199383492,0.312883983070646,0.673588485925627,0.572452765689235,0.606857867713451,0.216217444999812,0.207317467498379,0.574794211990588
0.27747304819425,0.14280014310233,0.244691458005598,0.558258052501476,0.307161266920067,0.223408124962438,0.227819183941914,0,0.0596970274590985,0.703147059868031,0.316776081346794,0.270758024672178,0.312941905781605,0.53857349325486,0.607551623943225,0.289282741198534,0.33727884022416,0.595007466275703,0.258287197290395,0.412320683657897,0.55954468217104,0.277694734695225,0.733826077203548,0.261833863464114,0.454153763711068,0.327590477106402,0.361555707712295,0.610972132574816,0.252448683558426,0.60610004947319,0.639702562946396,0.44952363125195,0.141080818854002,0.427040487537082,0.305460242994255,0.527592874999127,0.476456504887899,0.623243288471505,0.554588381606104,0.00627929084622986,0.211179039740274,0.679503444598406,0.504196340104666,0.367056166983927,0.285102253065514,0.679282453943517,0.423765926463787,0.278960940722629,0.548616366519704,0.624058529720386,0.403999491237925,0.435268963309181,0.627318796281964,0.58006002655296,0.373472300552101,0.51706507650936,0.0864394008766355,0.466824433635313,0.0751739445702267,0.386372925920309,0.101589832392481,0.258598500235838,0.809388724139519,0.221663283396127,0.339811617629438,0.198821784108534,0.333965430115254,0.362809145333131,0.532881234750991,0.859128354365167,0.362120189245651,0.0881142815772597,0.558397973099714,0.718573256312355,0.396278825541418,0.630071375343257,0.510696021029292,0.668533132729157,0.137450478053109,0.554961510254745,0.61235966134376,0.406692760019019,0.251105201874153,0.531819537783068,0.586489696528115,0.254797851913691,0.61567243984719,0.16167203141709,0.0878079154848306,0.147548896374647,0.424786971575017,0.320970203057633,0.130358340745273,0.0853791085718514,0.765733043326573,0.587071259368937,0.561281582788404,0.388707287218003,0.230397568541508,0.59655881488593
0.312228536755973,0.105867615498142,0.288119939197256,0.617123339126326,0.366856935642513,0.272025926889334,0.287381462093436,0.0596970274590985,0,0.735104758957742,0.309232467437788,0.329597257183105,0.372473020077681,0.560316365602051,0.659849921769598,0.321339334477295,0.370257878962092,0.594300648133159,0.230078964253864,0.444042026463251,0.545854369843437,0.336166370989134,0.770915147381578,0.321513793766899,0.511763959223071,0.384725580048179,0.411699437710465,0.641295812772813,0.253309437691361,0.628122732073538,0.649461195300613,0.509162079670998,0.177968556233598,0.457896070147675,0.279788361862879,0.53467939025731,0.509105039994663,0.679248573382163,0.549859450512144,0.0651881863510157,0.222222320544341,0.703617388783194,0.522387989281107,0.425948881840118,0.344727892879094,0.708175941494037,0.440622552893111,0.302821749290762,0.608031257103793,0.627166401301167,0.387666639221178,0.494911967061151,0.629751051292015,0.574177578125086,0.429328705596014,0.537469672918475,0.142233070575258,0.507448758803883,0.0997162670947355,0.382213733632004,0.0432871642030445,0.299640042922245,0.845476385246371,0.281345188660238,0.356307883722543,0.164492324521264,0.39334756565372,0.420930153276179,0.588838056042788,0.89728293695791,0.343876882969763,0.0946262008604098,0.553099316733573,0.765110129337053,0.414624417165202,0.646713204294152,0.51476075766119,0.698620645429182,0.114837673799954,0.60970354464658,0.639294921177333,0.437441521181613,0.287398281704916,0.556263968756312,0.588302638184522,0.289328871033357,0.660130225347352,0.210331707922441,0.115269176823246,0.20717721541834,0.475294381112399,0.366784481168625,0.168489198734825,0.0257446923040489,0.802482296430332,0.609356193010127,0.568599309679282,0.443993916921423,0.272987075238899,0.62033721892933
0.425685283608618,0.840081717272462,0.466236063567975,0.545136976239321,0.606515630084353,0.499034440149938,0.637044305672516,0.703147059868031,0.735104758957742,0,0.518560787841375,0.663345356460474,0.583048422656741,0.208261685171237,0.346348950011335,0.414416615688748,0.365953847155545,0.392227589746751,0.636420597228345,0.291258078940123,0.516445755130448,0.551788175765413,0.0843676173877171,0.607160860201234,0.487339315278243,0.505951286320008,0.402242631860096,0.0955156255729878,0.521534987853725,0.160939159039083,0.281034831432216,0.635050073279011,0.562103828445138,0.277208792778038,0.615884290527262,0.331792631606985,0.226694725903781,0.443548447606899,0.432514051148393,0.697673545330818,0.525091368953428,0.10857791271518,0.257598767277339,0.542232116794149,0.626181115047513,0.0492058437446245,0.326319424602985,0.434650368480371,0.689825493989955,0.352819038796052,0.54309284785185,0.631669783323442,0.359942068447235,0.443095120041642,0.465717192025563,0.233459029058449,0.632094977334392,0.256247403245738,0.765947491376773,0.46905731516941,0.770322646850964,0.448984865033353,0.126339407998886,0.626887531644564,0.397819066250995,0.671869484201207,0.64447600177533,0.517702844969144,0.43514687099146,0.189035331463456,0.562909371116376,0.787713388633267,0.437658138644473,0.240241207253978,0.342227413668846,0.207079136077957,0.363039734382877,0.0438874879853467,0.656330774412122,0.403431920721936,0.113704149209299,0.297663897387811,0.45225100987042,0.196706536155594,0.36770475662158,0.44835476559926,0.202743901610614,0.552251431810792,0.771197611736915,0.633546951755922,0.367523441658996,0.40573100224285,0.572789090976358,0.751618741996956,0.0982957005170542,0.170000298059653,0.319196519690523,0.450225874498908,0.478127570371119,0.150946436496586
0.222696217655711,0.405631868909614,0.265890262623113,0.65417036898933,0.485724944933008,0.293096900697591,0.44090995332159,0.316776081346794,0.309232467437788,0.518560787841375,0,0.491699701789861,0.475236448881395,0.313358886908342,0.594726412757885,0.210228435620126,0.235482781698659,0.286632522164782,0.12193700382434,0.272239088410146,0.244202688541448,0.420693142698937,0.579172397498577,0.448265851632628,0.537638690838194,0.432727411392364,0.377759969675438,0.424991548466937,0.072315744583363,0.375511302804061,0.356897095856878,0.614688807500191,0.231573544817626,0.276942972901044,0.0979109466026669,0.240456321288185,0.325678549777773,0.655906783028889,0.240640181247424,0.31491434880175,0.126395587207469,0.45387331170662,0.265395811984001,0.495220563682424,0.480229697806087,0.478875144109696,0.192456703159087,0.161872112278152,0.715364894208837,0.323124292551193,0.0985163518334098,0.601966508280399,0.324827207118817,0.265027571436961,0.447768244465126,0.287682935826291,0.306989114789495,0.374042514018868,0.391358325272232,0.0742293689536807,0.324763773690259,0.255214467816515,0.643086679919451,0.428618339545502,0.137872699300273,0.174970591850608,0.530026638763202,0.475034578346255,0.576644670552454,0.703517541037199,0.0730416268686195,0.3980147162296,0.243872016690683,0.637047487486984,0.180768564342112,0.373263756076688,0.214904042791039,0.475756057115054,0.195824491188868,0.578708910051732,0.406855145071968,0.262117675407681,0.225042456612582,0.321871331478414,0.283163577645764,0.21589313629399,0.527562657041543,0.278641921798335,0.404557688957381,0.370649533596063,0.426055010617507,0.316368585010165,0.238343238757868,0.311634429832646,0.606506521544852,0.359472677955318,0.273399463401991,0.451641919621687,0.256820287908394,0.37569644076897
0.314511950395273,0.375417210605129,0.253538723818466,0.319969444243653,0.0668685856284895,0.214865268477465,0.0511461909981774,0.270758024672178,0.329597257183105,0.663345356460474,0.491699701789861,0,0.0886850953644479,0.569508271417404,0.44016516000979,0.333936375323201,0.358634358390867,0.711964981610579,0.488714489154047,0.417924799880929,0.723823670228323,0.112130279509757,0.662148032360756,0.0575552509061738,0.24541160761795,0.15977789144791,0.261225880595734,0.589597026176006,0.419900717568702,0.627086027146699,0.711651573279346,0.18533311496802,0.262836066750791,0.433604785323732,0.525323935279528,0.622198842779988,0.463000114090868,0.418679782416699,0.689563830726639,0.266064404754167,0.365709280643605,0.682692884498676,0.556266610416926,0.149458195136923,0.0397813102845504,0.658160711492725,0.495555929283222,0.363200616288757,0.279782918130383,0.724072867439103,0.59019686997638,0.171576241649734,0.729652711185188,0.716790906545837,0.207622414340549,0.557299515520224,0.209212972571064,0.408284919425621,0.261064015410751,0.539708592835627,0.368400738194597,0.272590270960759,0.738002502562908,0.0631141870281612,0.432574199918806,0.446195939498111,0.0671984506898167,0.163821497573468,0.336366165073617,0.772515488561048,0.558129593202795,0.288079386214859,0.694995457022354,0.587119508197955,0.467720989799856,0.673270311685073,0.618834613782337,0.642142511617479,0.380723351254249,0.369428325565105,0.608469581729744,0.418735910718756,0.294266522810776,0.550916490946483,0.694865005798027,0.304375069571538,0.508336547986716,0.213066976032782,0.251703181078252,0.13248756734659,0.302012306974869,0.271968944340431,0.258403230910871,0.354673116780587,0.693567607071806,0.60906715620938,0.651060876749936,0.225708891414784,0.253791994524978,0.610228681923581
0.272628694144388,0.435606279692487,0.215146502104606,0.248468364370972,0.0236536474694497,0.182631815815023,0.0948497638580802,0.312941905781605,0.372473020077681,0.583048422656741,0.475236448881395,0.0886850953644479,0,0.505751095177177,0.351890819055935,0.291417672271135,0.305689872850752,0.666909027897167,0.494344046731768,0.355275761820029,0.693818316208626,0.0547481783179794,0.57748687708208,0.053464609787326,0.160115180835757,0.0774237377829809,0.184519309371352,0.513837791298555,0.406491286368181,0.559239912344891,0.654007548065588,0.144827720638656,0.262101866715019,0.370169785051438,0.524393989493651,0.573401156500518,0.393058010862884,0.33525318757407,0.650727211312314,0.307299876684341,0.354135249796479,0.60980610266216,0.498360759819375,0.0630974059547329,0.0490137092151079,0.581092194272818,0.446048720697763,0.329163555846547,0.24763831282481,0.673748764517719,0.572723914802328,0.130954061179443,0.679848741451882,0.677731720429521,0.120659289093992,0.496303636076468,0.235300912976895,0.33099692015817,0.32185277956047,0.51292834205862,0.414399674993826,0.231230823553073,0.652783110047992,0.0955050255427613,0.393791281118716,0.462375415733877,0.0657240779099608,0.0751403087642945,0.250275046512731,0.685690642526126,0.545839247154445,0.349951560797047,0.656515359172637,0.498526587121284,0.419866237422013,0.609401851312054,0.574113251692169,0.564414224840932,0.399352176459731,0.282168072712269,0.535732505091665,0.357739660665731,0.258233204582905,0.484979509390185,0.647738503460814,0.268481189220974,0.421453502317811,0.206645337772562,0.315450517141912,0.16547680828108,0.217472227861119,0.209218564688926,0.261297642821006,0.398214966086595,0.608586002382122,0.541942992961728,0.599922408564077,0.138347563389105,0.22070843387874,0.541195899020994
0.27393557965039,0.66612020511348,0.329372682293019,0.561035896939505,0.526779704294915,0.368252396842677,0.531187535181058,0.53857349325486,0.560316365602051,0.208261685171237,0.313358886908342,0.569508271417404,0.505751095177177,0,0.410335556349431,0.257182248669412,0.21716695068603,0.223136285097337,0.433548354900981,0.151600518904616,0.327920669841381,0.460476797224868,0.278503870972767,0.512239173476427,0.467610357943153,0.431686442715276,0.32650397689261,0.121158866821437,0.32577755510673,0.067807037932409,0.156278335296436,0.60072839478463,0.400815832144112,0.136066373600685,0.40966267165144,0.137953522389787,0.121018950991446,0.500436748778882,0.24692077587182,0.533859382521964,0.340031548726885,0.144707371148203,0.0493373893701125,0.485437824799809,0.538570908265476,0.165920420602826,0.124780940762182,0.25962551680448,0.680078646083498,0.20215104164133,0.335204142055055,0.592975201935664,0.20974359274217,0.264500039880922,0.409215055476018,0.0256793869739653,0.480825073304452,0.202942395110701,0.608441828589896,0.260876757290417,0.590873307607036,0.30952830526608,0.334477467083152,0.519113230094207,0.205843536064172,0.474894274709884,0.571456862988168,0.459118266467879,0.453608828270905,0.39669900016887,0.354755589549061,0.626352840129795,0.252925888383014,0.38105454119922,0.147039920221622,0.103855129394002,0.165207876064566,0.164552042713975,0.468484718523685,0.435083083033387,0.0946940710151591,0.15107524864882,0.30070325908991,0.0273667822943258,0.197266046081556,0.293489665697531,0.287987365341318,0.407491418989229,0.616515330020771,0.503087901830151,0.326161604401505,0.29821931843096,0.411821870811667,0.573244867567049,0.301987733879461,0.0491460542003154,0.139722150730676,0.399905324751289,0.336454430700535,0.0628009435728737
0.389262694159363,0.748046659491844,0.381907554804774,0.209018233508552,0.373338719866069,0.388999124259496,0.439133730172023,0.607551623943225,0.659849921769598,0.346348950011335,0.594726412757885,0.44016516000979,0.351890819055935,0.410335556349431,0,0.394257939998713,0.359905812386519,0.631964953265701,0.676776555574399,0.332493168002522,0.720282016017652,0.352354053359342,0.29709547929229,0.398051063465073,0.199846934513975,0.294746027087083,0.249628112730259,0.332778967764577,0.554166470540935,0.422980883937523,0.557863610456059,0.335215496457251,0.491532547037351,0.334456968373804,0.682320344952933,0.539587253635414,0.304887650893615,0.0975460432093975,0.646873818441674,0.601272412565442,0.523635018590566,0.427641872882184,0.438657609386828,0.291133909817913,0.400819465095827,0.372687248013997,0.446478186468561,0.4407107445813,0.361892474191031,0.612167701409744,0.667619703823702,0.33733553771184,0.619804521374247,0.66825966480246,0.24318230086496,0.420100975098645,0.521264393315353,0.229411275669902,0.643505320152551,0.587003832849296,0.702698199113782,0.377778908134273,0.357717491835292,0.434597022367835,0.459836706699174,0.678432263036772,0.393261931764044,0.277170734032744,0.113973363915602,0.369851918530455,0.663700736610746,0.670950354769305,0.653204337965297,0.160712566320885,0.437849023192169,0.486455018960143,0.559343953517218,0.354079167230688,0.632715518872036,0.0762437456019672,0.371804813235208,0.34231408783446,0.402310444432556,0.383041793126121,0.606426517508101,0.406694595219567,0.144295941143525,0.449892332486016,0.641655060186998,0.480627117622237,0.186416247183839,0.303571694691345,0.498424508866298,0.683660444471729,0.320546111080273,0.414906635780561,0.548601564862578,0.22545231481836,0.39749320989758,0.401807789389846
0.0194244763470558,0.425822317412162,0.0804329142074167,0.444823024739929,0.307397384713381,0.119743805150046,0.288906964285886,0.289282741198534,0.321339334477295,0.414416615688748,0.210228435620126,0.333936375323201,0.291417672271135,0.257182248669412,0.394257939998713,0,0.0489737347246794,0.378378257352716,0.282580597078788,0.123194644564703,0.404213642711463,0.237925299152322,0.450370382779645,0.280147835364992,0.328903410538745,0.234211721067024,0.167578002715289,0.32171275109203,0.160387768184297,0.322935873869937,0.383407027565641,0.419750208543142,0.148300695395312,0.137760235948441,0.289859941102747,0.288446341520194,0.187919452589027,0.44810384650289,0.359439448394917,0.283973411032205,0.131917025366874,0.393039681639988,0.231850474707679,0.297239061636983,0.310598296317356,0.390055236524062,0.162780570755126,0.048505622175659,0.51676719743735,0.390493309291179,0.298875668703077,0.408221682068343,0.395935338154576,0.386506519125795,0.240886723977571,0.238947669432909,0.224449830153769,0.195099483820644,0.355119369417573,0.228517861568414,0.358127004846066,0.0615078518447947,0.524373634005428,0.276169478266537,0.102537713487277,0.28997484974217,0.35392530353951,0.27435943418404,0.36691135488409,0.577234544123083,0.282955490374721,0.3752166165487,0.365183619953733,0.463606493934991,0.134352197837384,0.35636660079442,0.28520724439281,0.379267004787254,0.255438608584256,0.370848834243896,0.32396445338415,0.117413692695423,0.0438635855364038,0.246394443303795,0.360938488952168,0.0363340408075677,0.354016007387889,0.150474580203655,0.362007812092218,0.248289398411172,0.217475040093184,0.106480396180155,0.159167336175632,0.339065700229376,0.481695655796824,0.303810854951544,0.318000582462554,0.243020826621517,0.0826879221442195,0.311143187427268
0.0602279064858895,0.474589075173296,0.112207561502136,0.431278517296043,0.324118525794773,0.151263915642652,0.317053094681438,0.33727884022416,0.370257878962092,0.365953847155545,0.235482781698659,0.358634358390867,0.305689872850752,0.21716695068603,0.359905812386519,0.0489737347246794,0,0.361959491823899,0.321009252845132,0.0752027807241698,0.403762211263205,0.254968836337133,0.401443036470127,0.302574367465438,0.31827791239222,0.240051680712295,0.154568291776481,0.273874615226825,0.196495947597404,0.280933654751239,0.353076816617098,0.423762963255511,0.196200351567756,0.0904253433544394,0.322769574050828,0.267734667393125,0.139288833211749,0.421161425175266,0.350238465704061,0.331864129973031,0.176085224739843,0.348461477425436,0.198099285827777,0.301359355721773,0.33130844517862,0.342712081288649,0.140482168469951,0.0841733148906562,0.516681927292674,0.368198735143035,0.315623621217517,0.413298422525172,0.374225210234665,0.376688515526444,0.236071348739882,0.2014587075127,0.269546925400294,0.14970790569502,0.401769727198414,0.239136681224573,0.40709502070008,0.092370489008541,0.475400034128111,0.304645695185865,0.10680489179916,0.334093973421487,0.370437368613579,0.276600731402855,0.344718516278991,0.528359965276926,0.306080124514068,0.422553962407732,0.356301065029686,0.419089030961026,0.115281741211868,0.319059938310344,0.269790264639802,0.331435848937378,0.302821542684854,0.34416489204217,0.277978571912697,0.0705388485326443,0.08734463555135,0.203603697461639,0.342223220486333,0.08254378467948,0.308967087055325,0.192531476033362,0.408074855004379,0.286031779176524,0.193160446341824,0.100966006696037,0.206941618651195,0.38803876381095,0.432738637464001,0.261932591292224,0.294469975380849,0.234471029266177,0.119765853731684,0.267735722911443
0.397768865340571,0.692225870833985,0.458550964233779,0.768294087355294,0.684363374350657,0.497129731893531,0.665659816822495,0.595007466275703,0.594300648133159,0.392227589746751,0.286632522164782,0.711964981610579,0.666909027897167,0.223136285097337,0.631964953265701,0.378378257352716,0.361959491823899,0,0.39540605178557,0.329927365345297,0.132449540154484,0.614809362856516,0.474503990814382,0.658524687649362,0.665146133179141,0.60177511651763,0.508012867573137,0.329733997539249,0.342944193681949,0.235630979320754,0.119779797279516,0.78383682314686,0.482356800604574,0.319695136577551,0.351726048351466,0.0971809249975146,0.331096764105841,0.719605053756187,0.0574366118931748,0.592193879367568,0.385821294338239,0.288922266057215,0.19471636226126,0.662264771296655,0.68885799352865,0.34303990212768,0.221698490803706,0.35099871992183,0.872863932595128,0.0498038337688951,0.236942908249743,0.773964185668946,0.0467367441214618,0.0538121458911494,0.59266082871551,0.211889377718783,0.566182956021334,0.41359240487375,0.670169088734168,0.21257937477568,0.611373053151222,0.439885911381296,0.511361981789922,0.652834570874787,0.280287000182014,0.457754625137983,0.730895829719303,0.636928738968041,0.665451530409844,0.574101458115202,0.277894824498789,0.679917585812705,0.0589741210781638,0.599518619826854,0.247068951242169,0.18593411900196,0.0931712192985524,0.351588900863264,0.482158550338909,0.650906779025977,0.291643499999489,0.32351297953082,0.417872696231517,0.24994103932835,0.0259841716760228,0.407877894671796,0.510735726321649,0.512673570464033,0.682157702606824,0.61376942941565,0.525403269229567,0.462019016661464,0.492001931226984,0.597975686879582,0.490303336528878,0.23373074562515,0.0835112239261042,0.587630933018172,0.458436541337906,0.252044334865343
0.288122280062986,0.31080481233719,0.310833977976872,0.704492969514876,0.499308419571384,0.324951622888749,0.438107008746994,0.258287197290395,0.230078964253864,0.636420597228345,0.12193700382434,0.488714489154047,0.494344046731768,0.433548354900981,0.676776555574399,0.282580597078788,0.321009252845132,0.39540605178557,0,0.373583550844365,0.323794810103124,0.442915660804283,0.693306578388079,0.456430718131708,0.587968115402338,0.469501056767655,0.440160038517696,0.541828876275741,0.124794660481444,0.496779009624868,0.475932213324436,0.638951706924742,0.232260822066654,0.381307697969706,0.0503161122163907,0.360251016790839,0.432924039938006,0.72644745174586,0.34364453490716,0.258775782846368,0.155492105116004,0.57525065571969,0.386269911874609,0.527975521798629,0.487067071746989,0.598257313819559,0.310450496861825,0.237338786821326,0.741732756549545,0.436314165288823,0.166207861007105,0.625222434484167,0.437079822192574,0.364677320150264,0.496258013045128,0.407938683280407,0.282460682460208,0.469108833938565,0.325794969318137,0.190476847110288,0.232103549632163,0.307512438072319,0.759643012782341,0.427331036597594,0.243070709187299,0.0678774426498735,0.539005911253022,0.512241426360367,0.641368037222971,0.819035625891201,0.121550409042534,0.324609621533735,0.345539399490463,0.737590368218045,0.29478683533034,0.495090303913523,0.332935040997844,0.594207020014026,0.120838073904032,0.649640192603301,0.526057463332495,0.363913897076872,0.279077286143361,0.44031151503279,0.395867292931149,0.27284374373427,0.627234628257334,0.287723836867407,0.340780627690359,0.357335582923174,0.496814616663958,0.379337799590999,0.233742024530134,0.223890596271803,0.721678875932785,0.480399401702412,0.392451820663101,0.504197742814974,0.297444115737039,0.496185296203695
0.13541015824782,0.548850731496322,0.183336522143852,0.440110437485475,0.375878091816026,0.220657055383392,0.380174142117651,0.412320683657897,0.444042026463251,0.291258078940123,0.272239088410146,0.417924799880929,0.355275761820029,0.151600518904616,0.332493168002522,0.123194644564703,0.0752027807241698,0.329927365345297,0.373583550844365,0,0.395289221180405,0.309041803066452,0.33044585515964,0.360639191818715,0.335218844254099,0.282709972685732,0.181008336302784,0.198700149868428,0.249778288312633,0.211066348705589,0.299432329495857,0.458139964569189,0.271248173421512,0.0161147598951384,0.36697969041723,0.232761390494858,0.0652480406000004,0.407059255855341,0.329953645836813,0.406945827368987,0.240640834885927,0.275118978666538,0.144858173483675,0.339238333292118,0.387080518935489,0.2675265967067,0.117504251706153,0.147346566215625,0.543890865884684,0.326740027497241,0.336293301209193,0.449274234075626,0.333523081019616,0.354532932163437,0.265666725730579,0.141038739438477,0.344419577396132,0.104126054725918,0.47693880305707,0.255111382658521,0.479961016179618,0.164227632283365,0.403076828729791,0.368244589493708,0.134415012749676,0.395662430923513,0.420990446599014,0.313142398313664,0.341638753541119,0.457697829596623,0.336479527137363,0.49775085867921,0.336293393144532,0.365426552429995,0.105448724961735,0.25542169278583,0.243409559146903,0.256265314855016,0.370816505652474,0.332852547510537,0.203549881083558,0.0101726202447613,0.162451554244278,0.133831281476889,0.307208637243576,0.157717470185042,0.255527996592198,0.266530005907308,0.483131848724704,0.357030923548942,0.196162888445443,0.146794764136565,0.282033291370785,0.461080062174555,0.361190925332921,0.192477441936079,0.253523524918298,0.259014871833896,0.192783764179846,0.196140514056768
0.422213742127524,0.633972394718248,0.478716671951656,0.831863944351153,0.707958143582653,0.513347205905938,0.674240832241842,0.55954468217104,0.545854369843437,0.516445755130448,0.244202688541448,0.723823670228323,0.693818316208626,0.327920669841381,0.720282016017652,0.404213642711463,0.403762211263205,0.132449540154484,0.323794810103124,0.395289221180405,0,0.639419611766322,0.596451581487918,0.675399379006866,0.721275525135096,0.638211852182725,0.558077877319538,0.444803975008718,0.314413756367305,0.356203925761018,0.251977003638878,0.823747376604635,0.471322755328603,0.389499166885361,0.274379162045426,0.190098471337534,0.415619501197557,0.800968970270808,0.0839416621615566,0.558038283882087,0.366437244573225,0.417029630237588,0.287398464363276,0.701062377891149,0.707110053459145,0.467681706542674,0.277785897817985,0.364710389813499,0.919375594764626,0.181463706158638,0.158615314751702,0.812369234019296,0.177016782225715,0.0787741037804579,0.639601286668513,0.309895536171101,0.550006781519703,0.492668830883353,0.633364350166917,0.184431414023533,0.554203323131603,0.462814936751012,0.638612242902148,0.661563043790536,0.302121421698685,0.391224065882995,0.753997175210441,0.67752698930503,0.736696844828886,0.701717022434584,0.203155485833776,0.637850652480595,0.0789731950922004,0.708814351375969,0.293943548292761,0.313865324212905,0.163821643059127,0.47420854253427,0.431050808222178,0.727829653563945,0.409645851753017,0.386686940478344,0.435663635966084,0.351987765951692,0.152725042038276,0.425391202080986,0.612131519188777,0.512932030711728,0.647042308754769,0.609908888145532,0.588435346956112,0.503441227128308,0.479162641959623,0.544015698751392,0.614710571921238,0.350481123834917,0.197313100869444,0.638197517050065,0.474253916249886,0.369660923497983
